starting JedisPerfTest....
tno=16, round=10000, avgt(ms)=0.02378125
22
28
29
24
22
26
22
22
28
22
22
21
24
21
34
29
25
26
32
26
22
63
24
35
28
28
22
23
25
49
29
21
22
30
52
37
36
30
21
23
30
63
26
24
35
37
30
21
22
38
50
43
33
21
44
37
48
24
42
30
25
36
45
23
26
30
25
22
24
29
36
22
24
22
46
21
50
92
41
116
38
58
21
69
32
31
34
23
25
25
24
29
47
36
26
22
33
23
27
75
25
22
21
23
30
46
23
26
22
41
53
21
37
33
37
61
56
24
60
26
21
25
24
23
36
28
43
102
38
24
34
21
60
44
23
43
28
28
22
24
23
27
23
27
44
57
23
46
50
30
49
68
36
23
34
46
69
33
38
24
30
21
24
65
138
23
24
27
22
40
29
47
59
26
31
25
41
22
26
64
46
36
71
34
28
22
25
30
34
37
55
22
33
43
44
26
23
27
37
52
65
25
31
29
39
35
46
22
76
47
25
28
33
21
45
29
39
73
25
36
43
39
25
26
22
22
32
22
43
25
38
24
73
22
25
35
41
33
29
63
35
43
40
45
36
62
29
21
39
48
30
80
22
50
75
35
29
31
40
27
29
53
48
89
24
47
34
44
32
22
45
23
25
23
26
115
23
23
32
37
22
32
42
24
21
23
26
32
45
24
33
30
42
33
39
52
25
38
28
26
22
21
62
26
76
34
105
75
51
27
21
52
36
22
54
46
55
21
57
28
39
34
28
23
27
41
102
21
91
30
55
112
24
22
60
34
68
29
68
37
75
24
61
72
40
59
35
55
30
33
33
66
46
24
35
35
31
36
39
41
21
83
21
45
26
31
124
23
24
21
39
50
59
34
26
33
160
39
45
29
64
28
140
53
57
48
24
38
65
27
56
62
27
38
22
36
52
24
28
25
22
27
41
28
21
25
70
55
51
27
52
21
33
65
46
55
21
23
40